# IOB BEST DEV SCORE at EPOCH: 2
ID	NE	Total	I-E	I-R	I-S2	B-E	E-E	B-R	E-R	B-S2	E-S2	S-S2	I-ER	O	S-S3	I-S3	S-E	I-S1	B-S3	E-S3	I-EL	B-EL	B-ER	E-EL	E-ER	B-S1	E-S1	S-S1	Predict	Correct	Recall	Precision	F1	
0	I-E	347	230	90	1	13	0	0	13	0	0	0	0	0	0	0	0	0	0	0	0	0	0	0	0	0	0	0	306	230	66.282	75.163	70.444	
1	I-R	451	9	430	2	5	0	0	5	0	0	0	0	0	0	0	0	0	0	0	0	0	0	0	0	0	0	0	680	430	95.344	63.235	76.039	
2	I-S2	115	33	65	5	6	0	0	6	0	0	0	0	0	0	0	0	0	0	0	0	0	0	0	0	0	0	0	24	5	4.348	20.833	7.194	
3	B-E	71	18	18	2	33	0	0	0	0	0	0	0	0	0	0	0	0	0	0	0	0	0	0	0	0	0	0	64	33	46.479	51.562	48.889	
4	E-E	71	0	3	0	0	68	0	0	0	0	0	0	0	0	0	0	0	0	0	0	0	0	0	0	0	0	0	70	68	95.775	97.143	96.454	
5	B-R	51	0	28	0	1	0	21	0	1	0	0	0	0	0	0	0	0	0	0	0	0	0	0	0	0	0	0	61	21	41.176	34.426	37.500	
6	E-R	51	6	17	1	0	0	0	27	0	0	0	0	0	0	0	0	0	0	0	0	0	0	0	0	0	0	0	59	27	52.941	45.763	49.091	
7	B-S2	25	0	8	0	3	0	10	0	4	0	0	0	0	0	0	0	0	0	0	0	0	0	0	0	0	0	0	7	4	16.000	57.143	25.000	
8	E-S2	25	9	6	1	0	0	0	6	0	3	0	0	0	0	0	0	0	0	0	0	0	0	0	0	0	0	0	4	3	12.000	75.000	20.690	
9	S-S2	16	0	1	0	2	0	10	1	0	1	1	0	0	0	0	0	0	0	0	0	0	0	0	0	0	0	0	1	1	6.250	100.000	11.765	
10	I-ER	0	0	0	0	0	0	0	0	0	0	0	0	0	0	0	0	0	0	0	0	0	0	0	0	0	0	0	0	0	0.000	0.000	0.000	
11	O	16	0	0	12	0	2	0	0	2	0	0	0	0	0	0	0	0	0	0	0	0	0	0	0	0	0	0	0	0	0.000	0.000	0.000	
12	S-S3	19	1	0	0	1	0	16	1	0	0	0	0	0	0	0	0	0	0	0	0	0	0	0	0	0	0	0	0	0	0.000	0.000	0.000	
13	I-S3	4	0	4	0	0	0	0	0	0	0	0	0	0	0	0	0	0	0	0	0	0	0	0	0	0	0	0	0	0	0.000	0.000	0.000	
14	S-E	0	0	0	0	0	0	0	0	0	0	0	0	0	0	0	0	0	0	0	0	0	0	0	0	0	0	0	0	0	0.000	0.000	0.000	
15	I-S1	6	0	6	0	0	0	0	0	0	0	0	0	0	0	0	0	0	0	0	0	0	0	0	0	0	0	0	0	0	0.000	0.000	0.000	
16	B-S3	2	0	0	0	0	0	2	0	0	0	0	0	0	0	0	0	0	0	0	0	0	0	0	0	0	0	0	0	0	0.000	0.000	0.000	
17	E-S3	2	0	2	0	0	0	0	0	0	0	0	0	0	0	0	0	0	0	0	0	0	0	0	0	0	0	0	0	0	0.000	0.000	0.000	
18	I-EL	0	0	0	0	0	0	0	0	0	0	0	0	0	0	0	0	0	0	0	0	0	0	0	0	0	0	0	0	0	0.000	0.000	0.000	
19	B-EL	0	0	0	0	0	0	0	0	0	0	0	0	0	0	0	0	0	0	0	0	0	0	0	0	0	0	0	0	0	0.000	0.000	0.000	
20	B-ER	0	0	0	0	0	0	0	0	0	0	0	0	0	0	0	0	0	0	0	0	0	0	0	0	0	0	0	0	0	0.000	0.000	0.000	
21	E-EL	0	0	0	0	0	0	0	0	0	0	0	0	0	0	0	0	0	0	0	0	0	0	0	0	0	0	0	0	0	0.000	0.000	0.000	
22	E-ER	0	0	0	0	0	0	0	0	0	0	0	0	0	0	0	0	0	0	0	0	0	0	0	0	0	0	0	0	0	0.000	0.000	0.000	
23	B-S1	2	0	0	0	0	0	2	0	0	0	0	0	0	0	0	0	0	0	0	0	0	0	0	0	0	0	0	0	0	0.000	0.000	0.000	
24	E-S1	2	0	2	0	0	0	0	0	0	0	0	0	0	0	0	0	0	0	0	0	0	0	0	0	0	0	0	0	0	0.000	0.000	0.000	
25	S-S1	0	0	0	0	0	0	0	0	0	0	0	0	0	0	0	0	0	0	0	0	0	0	0	0	0	0	0	0	0	0.000	0.000	0.000	
822/1276 (64.42006%)

# IOB TEST SCORE at best score of DEV: 
ID	NE	Total	I-E	I-R	I-S2	B-E	E-E	B-R	E-R	B-S2	E-S2	S-S2	I-ER	O	S-S3	I-S3	S-E	I-S1	B-S3	E-S3	I-EL	B-EL	B-ER	E-EL	E-ER	B-S1	E-S1	S-S1	Predict	Correct	Recall	Precision	F1	
0	I-E	304	192	80	4	14	0	0	12	0	2	0	0	0	0	0	0	0	0	0	0	0	0	0	0	0	0	0	224	192	63.158	85.714	72.727	
1	I-R	81	0	80	1	0	0	0	0	0	0	0	0	0	0	0	0	0	0	0	0	0	0	0	0	0	0	0	218	80	98.765	36.697	53.512	
2	I-S2	42	7	29	2	2	0	0	1	0	1	0	0	0	0	0	0	0	0	0	0	0	0	0	0	0	0	0	23	2	4.762	8.696	6.154	
3	B-E	70	6	14	9	41	0	0	0	0	0	0	0	0	0	0	0	0	0	0	0	0	0	0	0	0	0	0	64	41	58.571	64.062	61.194	
4	E-E	70	0	1	0	0	69	0	0	0	0	0	0	0	0	0	0	0	0	0	0	0	0	0	0	0	0	0	76	69	98.571	90.789	94.521	
5	B-R	16	0	8	1	0	0	6	0	1	0	0	0	0	0	0	0	0	0	0	0	0	0	0	0	0	0	0	31	6	37.500	19.355	25.532	
6	E-R	16	0	0	1	0	0	0	14	0	1	0	0	0	0	0	0	0	0	0	0	0	0	0	0	0	0	0	30	14	87.500	46.667	60.870	
7	B-S2	25	0	0	0	3	0	10	0	12	0	0	0	0	0	0	0	0	0	0	0	0	0	0	0	0	0	0	23	12	48.000	52.174	50.000	
8	E-S2	25	5	6	3	0	0	0	3	0	8	0	0	0	0	0	0	0	0	0	0	0	0	0	0	0	0	0	19	8	32.000	42.105	36.364	
9	S-S2	32	0	0	0	1	0	9	0	5	6	11	0	0	0	0	0	0	0	0	0	0	0	0	0	0	0	0	15	11	34.375	73.333	46.809	
10	I-ER	0	0	0	0	0	0	0	0	0	0	0	0	0	0	0	0	0	0	0	0	0	0	0	0	0	0	0	0	0	0.000	0.000	0.000	
11	O	35	14	0	2	3	7	0	0	4	1	4	0	0	0	0	0	0	0	0	0	0	0	0	0	0	0	0	0	0	0.000	0.000	0.000	
12	S-S3	5	0	0	0	0	0	4	0	1	0	0	0	0	0	0	0	0	0	0	0	0	0	0	0	0	0	0	0	0	0.000	0.000	0.000	
13	I-S3	0	0	0	0	0	0	0	0	0	0	0	0	0	0	0	0	0	0	0	0	0	0	0	0	0	0	0	0	0	0.000	0.000	0.000	
14	S-E	0	0	0	0	0	0	0	0	0	0	0	0	0	0	0	0	0	0	0	0	0	0	0	0	0	0	0	0	0	0.000	0.000	0.000	
15	I-S1	0	0	0	0	0	0	0	0	0	0	0	0	0	0	0	0	0	0	0	0	0	0	0	0	0	0	0	0	0	0.000	0.000	0.000	
16	B-S3	0	0	0	0	0	0	0	0	0	0	0	0	0	0	0	0	0	0	0	0	0	0	0	0	0	0	0	0	0	0.000	0.000	0.000	
17	E-S3	0	0	0	0	0	0	0	0	0	0	0	0	0	0	0	0	0	0	0	0	0	0	0	0	0	0	0	0	0	0.000	0.000	0.000	
18	I-EL	0	0	0	0	0	0	0	0	0	0	0	0	0	0	0	0	0	0	0	0	0	0	0	0	0	0	0	0	0	0.000	0.000	0.000	
19	B-EL	0	0	0	0	0	0	0	0	0	0	0	0	0	0	0	0	0	0	0	0	0	0	0	0	0	0	0	0	0	0.000	0.000	0.000	
20	B-ER	0	0	0	0	0	0	0	0	0	0	0	0	0	0	0	0	0	0	0	0	0	0	0	0	0	0	0	0	0	0.000	0.000	0.000	
21	E-EL	0	0	0	0	0	0	0	0	0	0	0	0	0	0	0	0	0	0	0	0	0	0	0	0	0	0	0	0	0	0.000	0.000	0.000	
22	E-ER	0	0	0	0	0	0	0	0	0	0	0	0	0	0	0	0	0	0	0	0	0	0	0	0	0	0	0	0	0	0.000	0.000	0.000	
23	B-S1	0	0	0	0	0	0	0	0	0	0	0	0	0	0	0	0	0	0	0	0	0	0	0	0	0	0	0	0	0	0.000	0.000	0.000	
24	E-S1	0	0	0	0	0	0	0	0	0	0	0	0	0	0	0	0	0	0	0	0	0	0	0	0	0	0	0	0	0	0.000	0.000	0.000	
25	S-S1	2	0	0	0	0	0	2	0	0	0	0	0	0	0	0	0	0	0	0	0	0	0	0	0	0	0	0	0	0	0.000	0.000	0.000	
435/723 (60.16598%)
# TEST EVAL: processed 723 tokens with 150 phrases; found: 151 phrases; correct: 72.
# BEST DEV SCORE:  28.83 at epoch 2
# TEST SCORE:  47.84 at epoch 2
